0001 = 0 0 100 100
0002 = 101 0 100 100
0003 = 0 101 100 100
0004 = 101 101 100 100
0005 = 202 0 100 100
0006 = 202 101 100 100
0007 = 303 0 100 100
0008 = 404 0 100 100
0009 = 303 101 100 100
0010 = 404 101 100 100
0011 = 0 202 100 100
0012 = 101 202 100 100
0013 = 0 303 100 100
0014 = 202 202 100 100
0015 = 101 303 100 100
0016 = 0 404 100 100
0017 = 101 404 100 100
0018 = 303 202 100 100
0019 = 202 303 100 100
0020 = 303 303 100 100
0021 = 202 404 100 100
0022 = 404 202 100 100
0023 = 404 303 100 100
0024 = 303 404 100 100
0025 = 404 404 100 100
0026 = 505 0 100 100
0027 = 505 101 100 100
0028 = 606 0 100 100
0029 = 505 202 100 100
0030 = 606 101 100 100
0031 = 707 0 100 100
0032 = 606 202 100 100
0033 = 808 0 100 100
0034 = 707 101 100 100
0035 = 505 303 100 100
0036 = 505 404 100 100
0037 = 808 101 100 100
0038 = 707 202 100 100
0039 = 606 303 100 100
0040 = 707 303 100 100
0041 = 606 404 100 100
0042 = 808 202 100 100
0043 = 808 303 100 100
0044 = 707 404 100 100
0045 = 808 404 100 100
0046 = 0 505 100 100
0047 = 0 606 100 100
0048 = 101 505 100 100
0049 = 101 606 100 100
0050 = 202 505 100 100
0051 = 202 606 100 100
0052 = 303 505 100 100
0053 = 303 606 100 100
0054 = 404 505 100 100
0055 = 404 606 100 100
0056 = 505 505 100 100
0057 = 606 505 100 100
0058 = 505 606 100 100
0059 = 707 505 100 100
