0001 = 0 0 100 100
0003 = 100 0 100 100
0005 = 0 100 100 100
0007 = 100 100 100 100
0009 = 200 0 100 100
0011 = 200 100 100 100
0013 = 300 0 100 100
0015 = 400 0 100 100
0017 = 300 100 100 100
0019 = 400 100 100 100
0021 = 0 200 100 100
0023 = 100 200 100 100
0025 = 0 300 100 100
0027 = 200 200 100 100
0029 = 100 300 100 100
0031 = 0 400 100 100
0033 = 100 400 100 100
0035 = 300 200 100 100
0037 = 200 300 100 100
0039 = 300 300 100 100
0041 = 200 400 100 100
0043 = 400 200 100 100
0045 = 400 300 100 100
0047 = 300 400 100 100
0049 = 400 400 100 100
0051 = 500 0 100 100
0053 = 500 100 100 100
0055 = 600 0 100 100
0057 = 500 200 100 100
0059 = 600 100 100 100
