0001 = 0 0 100 100
0003 = 101 0 100 100
0005 = 0 101 100 100
0007 = 101 101 100 100
0009 = 202 0 100 100
0011 = 202 101 100 100
0013 = 303 0 100 100
0015 = 404 0 100 100
0017 = 303 101 100 100
0019 = 404 101 100 100
0021 = 0 202 100 100
0023 = 101 202 100 100
0025 = 0 303 100 100
0027 = 202 202 100 100
0029 = 101 303 100 100
0031 = 0 404 100 100
0033 = 101 404 100 100
0035 = 303 202 100 100
0037 = 202 303 100 100
0039 = 303 303 100 100
0041 = 202 404 100 100
0043 = 404 202 100 100
0045 = 404 303 100 100
0047 = 303 404 100 100
0049 = 404 404 100 100
0051 = 505 0 100 100
0053 = 505 101 100 100
0055 = 606 0 100 100
0057 = 505 202 100 100
0059 = 606 101 100 100
